0008080025111.jpg 264 313 402 634 0
0010900005043.jpg 148 234 427 614 0
0010900013314.jpg 231 228 443 598 0
0010900080316.jpg 205 256 409 568 0
0011110414380.jpg 202 309 386 526 0
0011110669711.jpg 235 318 401 585 0
0011110724687.jpg 92 409 420 564 0
0011110819383.jpg 33 164 199 296 0
0011110855893.jpg 85 373 473 687 0
0011110878960.jpg 176 272 427 593 0
0011110881786.jpg 128 280 462 517 0
0011110911506.jpg 83 332 450 598 0
0011111124257.jpg 469 1633 807 1806 0
0011111396487.jpg 340 777 494 860 0
0012044039991.jpg 206 355 271 502 0
0012546304337.jpg 143 320 420 456 0
0012546676090.jpg 1163 896 1744 1131 0
0012546676113.jpg 45 498 404 631 0
0012546676151.jpg 703 1626 1048 1809 0
0012587783610.jpg 166 254 373 548 0
0012953000501.jpg 1420 1246 1869 1554 0
0013562300846.jpg 1125 632 1731 1051 0
0019100194304.jpg 99 427 163 553 0
0019200856683.jpg 856 1538 1050 1811 0
0019200893312.jpg 646 1422 889 1618 0
0019336100100.jpg 210 267 406 572 0
0020000111971.jpg 112 364 386 560 0
0020626728386.jpg 115 918 731 1230 0
0022506104105.jpg 645 1375 1042 1945 0
0022796916167.jpg 1007 846 1163 1117 0
0024094070411.jpg 737 2134 1322 2434 0
0025700156215.jpg 148 291 498 516 0
0025715665368.jpg 228 305 359 581 0
0026000015608.jpg 670 1622 1064 1887 0
0028400044042.jpg 731 529 828 661 0
0033200197140.jpg 191 371 253 493 0
0035000555380.jpg 303 1634 564 1781 0
0035000896506.jpg 149 345 335 658 0
0036000123234.jpg 755 1647 1535 2227 0
0036000373738.jpg 1817 743 2098 1149 0
0036000373905.jpg 81 197 207 295 0
0037000042495.jpg 1438 1008 1676 1332 0
0037000062219.jpg 84 360 421 582 0
0037000123408.jpg 235 333 285 462 0
0037000450849.jpg 1495 1254 1777 1680 0
0037000867821.jpg 57 302 439 573 0
0039800000347.jpg 334 436 1038 797 0
0040293982249.jpg 583 1409 970 1542 0
0041250500735.jpg 214 345 342 664 0
0041333664453.jpg 458 1569 1044 1805 0
0041364001043.jpg 146 353 415 522 0
0041570054420.jpg 101 335 415 565 0
0042000154291.jpg 893 924 1219 1152 0
0043000043004.jpg 62 198 203 292 0
0043396375420.jpg 1291 450 1609 622 0
0046500733321.jpg 83 163 191 344 0
0047171720009.jpg 1751 219 2051 415 0
0047400302594.jpg 372 1565 742 1795 0
0047400307308.jpg 576 984 924 1484 0
0048500018590.jpg 658 1386 1062 1950 0
0048500305690.jpg 674 1618 793 1875 0
0048582003309.jpg 199 434 284 488 0
0049022599291.jpg 721 1275 823 1585 0
0050428206034.jpg 670 632 1186 824 0
0050428262535.jpg 505 1562 840 1699 0
0050428349441.jpg 2543 306 2916 455 0
0050428375624.jpg 540 1318 1095 1685 0
0050428449363.jpg 732 1611 944 2082 0
0050428456743.jpg 168 502 995 787 0
0050428514948.jpg 650 1281 844 1777 0
0050428742037.jpg 878 694 1388 894 0
0051500243923.jpg 846 1350 1001 1685 0
0052000135183.jpg 203 322 393 616 0
0052000326734.jpg 218 347 386 587 0
0052100071282.jpg 709 1473 1081 2004 0
0052100090009.jpg 650 1760 1286 2104 0
0052100370309.jpg 678 1755 1237 2047 0
0054000200427.jpg 910 773 1266 1254 0
0054007061328.jpg 642 358 1367 596 0
0062338747347.jpg 188 350 319 595 0
0070247159007.jpg 243 259 386 518 0
0070501017906.jpg 138 145 652 498 0
0070501053409.jpg 213 1118 447 1623 0
0071072030547.jpg 1217 538 1800 913 0
0071249119259.jpg 958 737 1193 1302 0
0071249175446.jpg 197 247 402 645 0
0071249175453.jpg 214 251 384 601 0
0071641300019.jpg 1228 644 1916 985 0
0071641370012.jpg 1132 693 1817 1032 0
0071641860018.jpg 1394 723 1894 911 0
0071921477639.jpg 41 208 227 326 0
0072140012939.jpg 525 1513 687 1771 0
0072140817404.jpg 411 1658 638 2020 0
0072489010016.jpg 656 1203 793 1548 0
0072613458554.jpg 1634 1629 1864 2031 0
0072782052676.jpg 1132 1732 1362 1879 0
0072782057206.jpg 1011 1118 1227 1644 0
0072782067557.jpg 787 1489 1209 1658 0
0076174625110.jpg 658 1281 1103 1552 0
0077711791923.jpg 447 919 975 1166 0
0077885710614.jpg 313 612 649 1110 0
0079400066718.jpg 393 1156 564 1497 0
0080432106419.jpg 136 313 477 533 0
0080516650548.jpg 166 429 414 576 0
0080878172108.jpg 656 1044 840 1307 0
0082242290432.jpg 111 189 170 295 0
0084105307516.jpg 143 434 415 563 0
0084114110978.jpg 324 2270 806 2424 0
0086216170058.jpg 597 1467 778 1840 0
0088395013010.jpg 211 320 378 652 0
0089121288122.jpg 2037 1287 2330 2024 0
0089125260001.jpg 272 658 867 941 0
0089836180742.jpg 127 402 417 625 0
0092437600021.jpg 585 77 979 339 0
0092926999001.jpg 951 2011 1246 2230 0
0096619585571.jpg 202 279 381 523 0
0099482401115.jpg 169 448 394 558 0
0099482405434.jpg 199 388 326 622 0
0099482417376.jpg 1442 1550 1624 2058 0
0099482419271.jpg 134 429 428 567 0
0099482441166.jpg 150 378 438 497 0
0185219000222.jpg 160 343 415 465 0
0200000046774.jpg 128 1096 282 1185 0
0209844078989.jpg 1420 621 1632 704 0
0211629023619.jpg 18 817 215 1200 0
0213320040544.jpg 376 458 583 548 0
0217247056879.jpg 89 865 720 1146 0
0217638022179.jpg 461 985 614 1057 0
0219217022242.jpg 47 981 359 1134 0
0219966031625.jpg 381 1737 819 1937 0
0253028036340.jpg 256 936 614 1114 0
0253060023223.jpg 219 920 394 1013 0
0253114040015.jpg 1185 897 1593 1070 0
0253602033581.jpg 933 748 1464 916 0
0287458026244.jpg 307 861 487 960 0
0287458037981.jpg 284 1026 466 1095 0
0287565074589.jpg 161 904 349 976 0
0290159019811.jpg 1523 815 1800 913 0
0300650361040.jpg 33 195 234 307 0
0301871366036.jpg 168 336 459 481 0
0305210069275.jpg 575 306 909 872 0
0305215251002.jpg 164 307 347 590 0
0310158083511.jpg 1463 604 1884 846 0
0321130771647.jpg 168 377 423 539 0
0323900038134.jpg 707 1503 876 1862 0
0370067980226.jpg 562 1640 868 1752 0
0381370033875.jpg 133 298 443 507 0
0381370036913.jpg 133 289 481 514 0
0381371150786.jpg 161 472 654 775 0
0381371154050.jpg 762 1087 993 1477 0
0381519022425.jpg 235 353 293 451 0
0602652170645.jpg 490 619 991 858 0
0602652176517.jpg 1452 658 1894 957 0
0609332216945.jpg 41 564 253 607 0
0636046354403.jpg 554 962 897 1195 0
0637666022079.jpg 632 1087 778 1567 0
0644890000414.jpg 697 1365 1240 1722 0
0678112194926.jpg 554 1387 817 1801 0
0718103014557.jpg 407 666 1025 925 0
0718103083553.jpg 996 708 1678 999 0
0719812338811.jpg 544 486 748 553 0
0722252101600.jpg 315 1544 762 1791 0
0722252161031.jpg 287 1562 727 1793 0
0722252601445.jpg 893 2561 1477 2819 0
0737416080042.jpg 1734 1072 1972 1222 0
0738435265120.jpg 269 311 360 561 0
0738678151853.jpg 122 200 184 360 0
0744473912322.jpg 523 1816 923 2016 0
0753469010027.jpg 147 378 401 518 0
0792363980258.jpg 576 1671 995 1850 0
0798936828934.jpg 748 907 896 1006 0
0805002000375.jpg 248 258 338 564 0
0808124111639.jpg 397 1483 680 1597 0
0811102020236.jpg 1276 276 1526 440 0
0811102020380.jpg 211 1865 617 2165 0
0811502010165.jpg 374 1542 691 1722 0
0811502010417.jpg 456 979 815 1167 0
0811502021628.jpg 489 952 834 1193 0
0811502021642.jpg 419 1013 868 1279 0
0811502021833.jpg 436 989 807 1218 0
0813568001439.jpg 454 1669 836 1842 0
0817210015300.jpg 637 708 1379 937 0
0841058005193.jpg 652 1573 952 2114 0
0851939002500.jpg 1005 877 1471 1070 0
0874376005538.jpg 293 387 378 595 0
0884395454408.jpg 176 322 439 472 0
0894700010014.jpg 1038 447 1337 1222 0
0896446002063.jpg 766 1138 883 1373 0
0898248001015.jpg 368 1148 634 1720 0
0898745031393.jpg 1445 1110 1745 1270 0
0898745035445.jpg 783 517 886 566 0
1501171060002.jpg 338 1136 423 1565 0
2000000281179.jpg 348 455 1175 818 0
2000116798325.jpg 120 1050 660 1250 0
2135497017359.jpg 1356 3637 2274 4214 0
2200170034500.jpg 1007 427 1129 819 0
2208507040088.jpg 383 435 532 519 0
2209030006275.jpg 149 758 394 878 0
2228585019745.jpg 69 727 161 894 0
2230080002917.jpg 323 935 756 1090 0
2238081022767.jpg 84 758 415 935 0
2244057017125.jpg 491 790 638 1001 0
2244057022761.jpg 609 800 828 1142 0
2263079003206.jpg 102 279 270 363 0
2264751025783.jpg 1459 1011 1568 1191 0
2309634003721.jpg 196 797 487 888 0
2411288044217.jpg 331 2 1045 181 0
2424271045467.jpg 427 1134 639 1200 0
2432457029781.jpg 88 734 403 1016 0
2456030047498.jpg 716 3748 1312 4027 0
2477274032019.jpg 691 632 929 1002 0
2481339060411.jpg 86 689 232 1116 0
2488620013125.jpg 119 559 303 1068 0
2494558038444.jpg 534 753 617 903 0
2500000111952.jpg 503 53 695 643 0
2625078022631.jpg 759 919 1080 1026 0
2689120051895.jpg 351 1107 542 1177 0
2692502030371.jpg 432 1028 627 1145 0
2853901063968.jpg 617 561 832 652 0
2855098081084.jpg 185 990 533 1181 0
2858996057403.jpg 6 756 412 973 0
2871754014371.jpg 181 406 403 566 0
2970810001789.jpg 299 478 393 650 0
3019896976150.jpg 819 313 1072 779 0
3023260031994.jpg 477 897 938 1061 0
3023290014080.jpg 177 774 700 1112 0
3036810207800.jpg 1073 1351 1492 1574 0
3038359004582.jpg 457 137 637 528 0
3039050042378.jpg 1441 76 1761 186 0
3039050632364.jpg 19 910 620 1097 0
3041090008252.jpg 597 1029 986 1144 0
3041090008269.jpg 502 948 829 1130 0
3067162210675.jpg 83 103 252 513 0
3067163611549.jpg 2052 2640 2740 2968 0
3073780809061.jpg 81 97 595 442 0
3073781000122.jpg 2581 163 3905 978 0
3073781000139.jpg 998 114 1444 375 0
3073781077384.jpg 533 772 920 998 0
3095751394017.jpg 65 1768 414 1882 0
3095752194012.jpg 68 1811 419 1934 0
3095754972014.jpg 72 1835 419 1947 0
3095757080013.jpg 72 1840 465 1993 0
3095758391101.jpg 65 1631 417 1754 0
3095758589010.jpg 69 1762 417 1871 0
3095758859014.jpg 75 1854 428 1961 0
3095759618016.jpg 770 1875 936 2290 0
3102870061529.jpg 16 207 1017 640 0
3154230041207.jpg 1139 2379 1355 2826 0
3164060730042.jpg 1105 2644 1653 2783 0
3165950217766.jpg 346 459 551 764 0
3180940087617.jpg 109 1641 437 1786 0
3180950010346.jpg 4236 855 4608 1736 0
3185200003017.jpg 375 1058 706 1183 0
3191010083309.jpg 1014 2892 2034 3220 0
3222110010152.jpg 940 699 1085 989 0
3222473632008.jpg 1395 2861 1798 3032 0
3228022120095.jpg 2120 1232 3122 1522 0
3233130012712.jpg 899 900 1377 1127 0
3245411400729.jpg 994 2011 1330 2218 0
3245412476105.jpg 1185 1726 1577 1960 0
3245413444790.jpg 896 3644 2108 4028 0
3250390859963.jpg 407 2704 1131 2928 0
3250391225293.jpg 606 1019 797 1097 0
3250391985500.jpg 470 796 639 1139 0
3250392555481.jpg 845 444 971 708 0
3250392605414.jpg 725 447 848 626 0
3251513743008.jpg 649 859 787 916 0
3252950003694.jpg 33 798 367 902 0
3252950031024.jpg 200 861 495 952 0
3254550047528.jpg 1198 1164 2050 1592 0
3254560280670.jpg 1335 2018 1551 2453 0
3254561041607.jpg 547 623 609 802 0
3254568079887.jpg 164 823 348 895 0
3256220210492.jpg 1639 58 2680 1758 0
3256220878173.jpg 316 640 441 730 0
3256226087708.jpg 749 99 1137 847 0
3256227361074.jpg 561 888 813 1027 0
3257983346619.jpg 790 772 894 1030 0
3257983580730.jpg 1174 886 1422 978 0
3257983876246.jpg 537 1303 971 1476 0
3257986632214.jpg 557 813 767 935 0
3257986904861.jpg 67 748 225 944 0
3258561430621.jpg 767 2777 2371 3298 0
3258561450520.jpg 617 385 866 503 0
3258561462165.jpg 487 826 587 1047 0
3260260206667.jpg 271 607 624 721 0
3261089122503.jpg 631 592 794 939 0
3261089225518.jpg 158 786 357 884 0
3261089225945.jpg 7 1032 260 1160 0
3263851928665.jpg 328 904 619 1063 0
3263856410318.jpg 566 876 936 1042 0
3263858330621.jpg 1173 601 1361 820 0
3263858602612.jpg 445 900 692 992 0
3263858674527.jpg 130 826 245 1114 0
3263858811519.jpg 1276 767 1479 1171 0
3263858827718.jpg 438 992 542 1188 0
3263858854417.jpg 828 1067 997 1125 0
3263859454524.jpg 717 1034 953 1176 0
3263859475321.jpg 837 731 910 1017 0
3263859501020.jpg 282 1021 777 1200 0
3263859540722.jpg 56 952 309 1056 0
3263859581510.jpg 1015 846 1379 1079 0
3263859669515.jpg 18 1025 314 1134 0
3263859671020.jpg 261 921 710 1173 0
3265776109174.jpg 742 532 847 943 0
3265776629023.jpg 1045 334 1271 827 0
3265850000038.jpg 169 247 234 334 0
3265980837467.jpg 51 746 236 1089 0
3265980837474.jpg 13 535 235 832 0
3268680028050.jpg 815 295 945 558 0
3270190155577.jpg 300 632 458 924 0
3272770004725.jpg 1118 1013 1386 1108 0
3272770093750.jpg 2576 177 3252 448 0
3272770097581.jpg 236 250 331 496 0
3272770099004.jpg 26 353 200 400 0
3273230063986.jpg 1760 1726 2198 1912 0
3275411801035.jpg 664 1530 1356 1635 0
3276724114058.jpg 379 1000 513 1054 0
3277417000061.jpg 191 629 593 814 0
3278699500058.jpg 230 1968 1364 2387 0
3281673200004.jpg 267 795 655 875 0
3289744281600.jpg 446 660 606 727 0
3289744282911.jpg 413 683 502 866 0
3292990010160.jpg 161 189 235 514 0
3292992003955.jpg 95 193 257 766 0
3292992003986.jpg 100 369 222 804 0
3292992003993.jpg 107 139 176 414 0
3292992005010.jpg 7 233 139 754 0
3292992005355.jpg 1 567 95 1101 0
3301170007309.jpg 168 263 531 293 0
3302740025259.jpg 25 1610 354 1722 0
3302740031212.jpg 76 1609 418 1747 0
3302740031274.jpg 14 1639 356 1770 0
3307130602553.jpg 872 8 1729 120 0
3308090002520.jpg 966 597 1321 717 0
3308650751738.jpg 1000 1051 1267 1116 0
3322693000110.jpg 472 923 766 1044 0
3328880010238.jpg 1030 536 1095 922 0
3329770051072.jpg 208 1150 690 1337 0
3332621081012.jpg 432 809 832 989 0
3343929291218.jpg 622 934 777 982 0
3346963004141.jpg 13 776 618 986 0
3347430009980.jpg 314 926 569 998 0
3347430019309.jpg 220 740 438 825 0
3347430022439.jpg 338 1006 587 1081 0
3350031672903.jpg 137 3142 585 3878 0
3350033083752.jpg 83 983 529 1192 0
3350033589308.jpg 1983 1558 2371 2155 0
3375880670542.jpg 26 970 462 1158 0
3376370112665.jpg 297 935 743 1158 0
3376370131956.jpg 43 908 354 1094 0
3383740001764.jpg 1172 139 1261 786 0
3384480028721.jpg 304 665 703 779 0
3384480028950.jpg 277 694 672 794 0
3384480031486.jpg 419 800 985 960 0
3384480092036.jpg 250 764 688 950 0
3385570025446.jpg 50 1006 236 1107 0
3399150070023.jpg 728 951 1003 1059 0
3420629108715.jpg 46 895 375 1013 0
3428201435396.jpg 920 894 1131 984 0
3428273180125.jpg 94 756 256 1190 0
3434380022180.jpg 813 767 1417 941 0
3436598133498.jpg 598 650 686 833 0
3436598135768.jpg 42 1045 240 1110 0
3436598135775.jpg 57 1041 288 1109 0
3436598135782.jpg 40 1041 280 1122 0
3436598136994.jpg 107 1053 343 1147 0
3438860004062.jpg 602 191 1634 593 0
3449860407975.jpg 41 334 570 438 0
3451790988677.jpg 305 1799 1293 2108 0
3451790988813.jpg 858 2537 1914 2889 0
3453020023455.jpg 472 627 807 777 0
3456774791342.jpg 418 1806 1875 2493 0
3480347120413.jpg 500 430 763 509 0
3483130000879.jpg 663 526 787 873 0
3492843923009.jpg 83 500 260 609 0
3507172000625.jpg 117 348 237 376 0
3505340020529.jpg 372 992 531 1064 0
3521048216156.jpg 971 1422 1399 1666 0
3521872711056.jpg 20 751 173 1188 0
3560070382828.jpg 89 1098 305 1202 0
3560070669813.jpg 6 1136 28 1507 0
3560070677825.jpg 11 1088 36 1479 0
3560070742332.jpg 2176 1922 2408 2477 0
3560070907410.jpg 372 915 885 1025 0
3560071121068.jpg 89 972 564 1153 0
3560071182816.jpg 2167 3273 3025 3814 0
3564700014660.jpg 2042 395 2223 845 0
3564706540255.jpg 309 196 479 666 0
3576569100095.jpg 294 989 694 1081 0
3578030005090.jpg 108 790 320 864 0
3595531011900.jpg 1606 449 1815 982 0
3596710303663.jpg 543 933 780 1010 0
3596710462186.jpg 67 302 204 666 0
3596710479467.jpg 1375 684 1584 778 0
3596810056674.jpg 889 751 1124 846 0
3605970054915.jpg 554 1258 693 1713 0
3608734749508.jpg 123 684 321 1165 0
3661112054045.jpg 88 465 206 496 0
3661112055813.jpg 100 514 227 547 0
3661112056261.jpg 297 460 423 490 0
3661112056810.jpg 35 489 153 516 0
3661112056834.jpg 31 486 147 514 0
3661112092092.jpg 128 990 370 1024 0
3664335020088.jpg 1240 625 1567 1098 0
3700003780783.jpg 270 56 651 201 0
3700048837527.jpg 1090 4 1413 97 0
3700152400051.jpg 993 1473 1729 1783 0
3700194100117.jpg 588 659 971 1033 0
3700216253159.jpg 575 975 795 1125 0
3760005540419.jpg 347 1154 855 1294 0
3760010095584.jpg 246 582 532 677 0
3760014990632.jpg 715 447 812 689 0
3760017710077.jpg 729 527 880 965 0
3760048441834.jpg 428 870 691 1015 0
3760057250038.jpg 1391 2386 1511 2764 0
3760070424898.jpg 1227 450 1751 498 0
3760091570253.jpg 954 783 1021 970 0
3760091579201.jpg 681 726 1143 883 0
3760091970275.jpg 121 236 206 280 0
3760133675441.jpg 865 744 1273 894 0
3760166270453.jpg 142 795 181 950 0
3760224580593.jpg 111 853 439 938 0
3760233360315.jpg 199 941 608 1065 0
3760281772047.jpg 1004 150 1356 275 0
3770003442042.jpg 310 872 666 1102 0
3770003442059.jpg 430 661 737 767 0
3770004232185.jpg 2523 3815 3303 4210 0
3770007002020.jpg 2138 1952 2310 2856 0
3838975533448.jpg 1454 517 1981 837 0
3847800000871.jpg 625 878 1144 973 0
4006196886325.jpg 6 1084 261 1196 0
4007947010983.jpg 246 3004 1186 3608 0
4008298081103.jpg 184 749 650 881 0
4018342125233.jpg 39 979 331 1075 0
4056489148203.jpg 474 1903 1688 2497 0
4061458039277.jpg 1540 1759 2178 2876 0
4311596447510.jpg 922 839 1027 1382 0
4314187032751.jpg 610 1427 828 1514 0
4316268474894.jpg 242 1249 511 1329 0
4316268571647.jpg 11 1052 298 1567 0
4712511891072.jpg 213 1752 498 1862 0
4901001908073.jpg 1023 1285 1993 1589 0
4968988050904.jpg 596 245 819 972 0
5000167157413.jpg 265 176 311 308 0
5028197678234.jpg 740 607 1343 793 0
5060360503288.jpg 1238 1348 2506 1804 0
5099874227700.jpg 397 772 639 1106 0
5400141048988.jpg 317 1189 810 1456 0
5400155077233.jpg 232 807 674 931 0
5411328060686.jpg 1213 1589 1937 1859 0
5425028576125.jpg 117 539 423 629 0
5601009981854.jpg 1224 517 2295 893 0
5900531000010.jpg 1710 4 1834 823 0
5902899126227.jpg 1110 184 1809 363 0
5998997405906.jpg 271 1775 989 1932 0
5998997405913.jpg 144 1961 926 2124 0
7350027794776.jpg 253 830 571 933 0
7610029167351.jpg 458 435 669 1528 0
7610645300095.jpg 336 2635 1018 2958 0
7610695002673.jpg 104 397 257 450 0
7610695003489.jpg 24 71 75 187 0
7610829193246.jpg 251 247 369 561 0
7613034028358.jpg 96 387 438 507 0
7613035336131.jpg 516 2792 1040 3003 0
7613035989535.jpg 398 1997 788 2144 0
7617027981514.jpg 96 401 259 456 0
7640152110436.jpg 1369 747 1858 1035 0
7702018925957.jpg 517 257 819 893 0
0716310961848.jpg 927 1622 1629 1899 0
7794000597938.jpg 143 394 413 543 0
8410297151026.jpg 425 938 695 1060 0
8410320208420.jpg 1156 1664 1376 2223 0
8410500008109.jpg 2433 658 2816 1358 0
8410500008871.jpg 1554 937 2015 1674 0
8412276994969.jpg 568 1106 1297 1243 0
8412279158153.jpg 1736 2814 2243 3084 0
8412749007615.jpg 1087 811 1843 887 0
8421691751538.jpg 88 1398 383 2084 0
8422947520014.jpg 451 452 640 524 0
8423261112015.jpg 2194 1532 2386 2336 0
8425545174016.jpg 1 322 158 413 0
8428159122268.jpg 436 1599 811 1742 0
8435382805486.jpg 505 761 832 871 0
8480017169723.jpg 336 645 545 715 0
8595139719418.jpg 68 408 244 515 0
8595139738815.jpg 743 1980 1557 2243 0
8595139738822.jpg 754 1920 1530 2170 0
8712439063403.jpg 452 20 696 435 0
8717973830030.jpg 3 1677 141 3254 0
8801005942119.jpg 645 892 1791 1385 0
8801007052397.jpg 580 1822 1393 1941 0
8801007120515.jpg 625 1554 1570 2290 0
8801007303147.jpg 996 1682 2113 1809 0
8801007402284.jpg 408 1226 1566 1350 0
8801013190120.jpg 810 141 1092 659 0
8801037002782.jpg 605 243 971 843 0
8801037012682.jpg 603 47 962 711 0
8801037013153.jpg 607 835 1087 1132 0
8801037025194.jpg 919 751 1354 932 0
8801037025217.jpg 1119 667 1554 966 0
8801037075519.jpg 531 1405 831 1491 0
8801037088205.jpg 693 1485 1386 1589 0
8801037088724.jpg 508 419 1082 603 0
8801037091106.jpg 793 285 971 819 0
8801037093186.jpg 401 861 975 982 0
8801045132228.jpg 809 1390 1796 2361 0
8801045320212.jpg 745 1094 1740 1233 0
8801045332123.jpg 364 1483 1245 1931 0
8801045494302.jpg 1057 1280 2027 1507 0
8801045522838.jpg 538 125 823 959 0
8801045571867.jpg 705 1272 1701 1531 0
8801045574585.jpg 877 142 960 472 0
8801045890661.jpg 652 193 915 775 0
8801046275559.jpg 1049 1180 2013 1304 0
8801047225324.jpg 860 175 1050 653 0
8801051055894.jpg 629 207 878 892 0
8801051264487.jpg 842 1494 1718 1589 0
8801051270419.jpg 627 1424 1513 1521 0
8801052036212.jpg 369 742 951 964 0
8801052730547.jpg 423 648 1084 823 0
8801052732138.jpg 641 510 1135 694 0
8801052734460.jpg 723 1082 1703 1158 0
8801056043551.jpg 755 193 954 674 0
8801056070809.jpg 368 436 921 692 0
8801083017327.jpg 687 775 1133 896 0
8801083453002.jpg 527 1421 1635 1548 0
8801083482002.jpg 701 1346 1766 1519 0
8801111183253.jpg 527 767 1815 889 0
8801111914468.jpg 638 56 860 806 0
8801114132234.jpg 433 546 1105 771 0
8801114145463.jpg 685 177 846 632 0
8801115134237.jpg 366 598 755 712 0
8801121020968.jpg 853 359 1019 805 0
8801154577088.jpg 566 1014 1559 1150 0
8801155735081.jpg 654 161 949 962 0
8801214507185.jpg 584 159 817 783 0
8801353003807.jpg 893 1285 1693 1367 0
8801391100681.jpg 496 106 814 863 0
8802783202785.jpg 916 863 1440 969 0
8803206100862.jpg 508 306 760 898 0
8803283000093.jpg 754 383 1184 476 0
8803284605853.jpg 642 772 1133 834 0
8803284606638.jpg 551 995 980 1258 0
8804966200229.jpg 727 1187 1764 1326 0
8804973303913.jpg 632 177 1025 767 0
8806182557187.jpg 728 10 1021 785 0
8806449043125.jpg 655 208 879 802 0
8808739000108.jpg 875 331 1029 843 0
8808739000207.jpg 615 286 757 770 0
8808739000306.jpg 518 105 949 946 0
8808739000504.jpg 648 184 886 933 0
8809049861809.jpg 698 687 1207 757 0
8809049866460.jpg 248 911 1157 1223 0
8809089590653.jpg 866 837 1266 1011 0
8809169170560.jpg 452 473 1008 587 0
8809212559038.jpg 831 796 1522 1041 0
8809257332733.jpg 857 691 1286 1007 0
8809296884972.jpg 466 664 1035 969 0
8809321442467.jpg 470 469 1090 643 0
8809326451563.jpg 760 245 1015 860 0
8809427880187.jpg 606 237 808 816 0
8809487490180.jpg 417 2 870 882 0
8850109001437.jpg 742 248 909 795 0
8934678020225.jpg 626 39 946 961 0
8935039570502.jpg 615 106 868 756 0
8935136860292.jpg 777 241 940 854 0
8936048470036.jpg 622 241 863 884 0
8936062100537.jpg 772 120 1006 743 0
8936079280819.jpg 557 321 692 904 0
8938500053467.jpg 821 228 1047 848 0
8938503101042.jpg 970 404 1048 757 0
9100000781099.jpg 989 2132 2022 2596 0
9417871101537.jpg 1436 2441 1833 2602 0
0078895300024.jpg 1430 2641 2439 3058 0
2329238801752.jpg 152 225 247 251 0
0682335900080.jpg 1405 2981 2192 3251 0
0692752107276.jpg 182 526 347 607 0
0783010830125.jpg 65 538 302 690 0
2110503003700.jpg 227 630 422 709 0
2135370005909.jpg 229 665 459 753 0
2408640008253.jpg 268 688 427 756 0
7611654576754.jpg 178 798 441 907 0
7611889110723.jpg 137 648 374 724 0
3013520080312.jpg 1797 1133 2258 1491 0
3024720020879.jpg 120 818 430 980 0
3046920026826.jpg 1020 1880 1296 2304 0
3073781070286.jpg 951 195 1763 577 0
3080216048543.jpg 256 2568 1423 2951 0
3080920988456.jpg 574 584 818 1020 0
3113010142503.jpg 54 276 203 341 0
3175681137776.jpg 274 254 747 489 0
3180940084302.jpg 99 1743 466 1873 0
3245413152527.jpg 960 1824 2355 2762 0
3263852002517.jpg 840 1049 1102 1555 0
3270160682669.jpg 869 761 1485 2195 0
3608580867975.jpg 76 612 300 679 0
3700520500307.jpg 135 521 214 911 0
3760228710019.jpg 880 36 1715 257 0
4001686202425.jpg 115 666 334 733 0
4001686309025.jpg 176 231 423 325 0
4001686365793.jpg 304 278 528 427 0
4002103000105.jpg 245 577 385 625 0
4002575475180.jpg 362 334 438 603 0
4002809022210.jpg 73 450 460 633 0
4002809028021.jpg 284 489 362 723 0
4004980539600.jpg 107 928 309 998 0
4011800212018.jpg 184 634 420 716 0
4011800800116.jpg 297 335 414 606 0
4016241030597.jpg 1200 1341 1442 2068 0
4021496222796.jpg 181 61 353 180 0
4026584143106.jpg 233 738 437 813 0
4027013016015.jpg 325 1730 1006 1936 0
4029679854758.jpg 681 323 823 388 0
4037300108231.jpg 409 415 551 668 0
4042116810001.jpg 178 694 339 754 0
4048517636073.jpg 9 301 436 567 0
4061458115872.jpg 783 355 964 452 0
4061458157452.jpg 40 1032 381 1682 0
4072700311034.jpg 108 364 198 700 0
4099200047805.jpg 113 685 168 902 0
4260134390019.jpg 255 775 469 880 0
4388441350134.jpg 309 325 455 612 0
4388844151499.jpg 94 655 423 769 0
4388844153547.jpg 407 417 511 650 0
5000108277767.jpg 53 147 291 300 0
5000128644013.jpg 252 794 499 877 0
5000159344074.jpg 98 297 493 512 0
5000159525688.jpg 99 172 207 241 0
5000382036319_1.jpg 1 75 21 163 0
5000404198261.jpg 497 1591 1062 1948 0
5010251593102.jpg 48 43 358 251 0
5010251933076.jpg 666 756 1054 1011 0
5020411125883.jpg 7 270 98 328 0
5024333004400.jpg 222 287 337 365 0
5031153333412.jpg 109 176 138 265 0
5033729007574.jpg 465 922 780 1049 0
5054070040232.jpg 34 333 196 389 0
5060339013602.jpg 267 737 556 794 0
5060433710056.jpg 254 122 299 327 0
5060528838313.jpg 70 210 101 319 0
5411188119098.jpg 97 656 164 871 0
5449000028921.jpg 76 443 432 562 0
5449000131805.jpg 196 458 745 1664 0
6921101207591.jpg 27 174 240 287 0
7071848021468.jpg 93 818 195 965 0
7312040090709.jpg 1033 836 1524 1559 0
7610055528331.jpg 253 596 376 862 0
7610242005003.jpg 174 680 363 739 0
7610338121150.jpg 182 770 352 871 0
7610800639329.jpg 352 819 543 926 0
7610849567720.jpg 710 378 927 459 0
7613034826947.jpg 765 1222 1835 1872 0
7613035986459.jpg 249 675 413 769 0
7613269779773.jpg 22 402 94 738 0
7613312195932.jpg 284 420 421 511 0
7613312254455.jpg 1 299 54 567 0
7613312279380.jpg 163 247 418 619 0
7613379181077.jpg 217 880 378 957 0
7613404013885.jpg 245 726 323 821 0
7613404055373.jpg 232 545 504 661 0
7613404180761.jpg 161 676 383 761 0
7613404265659.jpg 290 856 538 951 0
7613413588930.jpg 220 852 444 933 0
7614200113519.jpg 289 412 552 523 0
7615900132800.jpg 252 611 364 853 0
7616700116335.jpg 115 724 444 862 0
7616700201277.jpg 126 114 401 225 0
7617027617680.jpg 255 730 405 811 0
7622210760944.jpg 534 3294 930 3967 0
7624841113748.jpg 207 567 334 826 0
7640102942414.jpg 117 428 481 559 0
7640151710903.jpg 259 789 392 871 0
7640171690100.jpg 326 302 412 544 0
7684625684710.jpg 354 411 383 623 0
8000500166819_1.jpg 547 1469 905 1664 0
8001440130052.jpg 213 766 299 919 0
8002235750851.jpg 60 858 229 962 0
8003753900551_1.jpg 1347 811 2197 2199 0
8076809513388.jpg 1545 2126 2023 3560 0
8424193222223.jpg 103 186 142 287 0
8426617114725.jpg 114 676 318 735 0
8428532230078.jpg 239 3426 1169 3955 0
8436565963184.jpg 1731 1833 2381 2151 0
8480017075185.jpg 240 320 355 613 0
8712566418794.jpg 293 585 410 861 0
8801027880512.jpg 1189 1304 1718 1624 0
8801043015943.jpg 977 350 1436 553 0
8801045202211_2.jpg 573 667 744 1138 0
8801045440088_1.jpg 686 1524 936 1698 0
8801114143308.jpg 1080 565 1760 911 0
8802259001096.jpg 785 2074 2301 2762 0
8806340751136.jpg 1430 1058 1868 1916 0
8809388461418.jpg 618 1533 2355 2129 0
8809396793037.jpg 776 2533 1847 2879 0
8809456977124.jpg 1060 2629 2010 2862 0
8859027300127.jpg 929 2122 1552 2555 0
8934563138165_2.jpg 582 1565 1792 2375 0
8934588023132.jpg 101 583 311 666 0
8934673502351.jpg 147 537 501 657 0
8934673606820.jpg 633 213 680 444 0
8934684026167.jpg 449 259 577 555 0
8934777201112.jpg 472 1442 1802 2249 0
8934777201167.jpg 179 1635 2105 2539 0
8936136161631.jpg 193 488 362 554 0
8938505002149.jpg 789 1985 1245 2842 0
9000331605111.jpg 21 294 369 491 0
9001432047282.jpg 69 187 171 220 0
9009700307267.jpg 326 413 531 468 0
9300641001147.jpg 864 705 1424 1063 0
9353333000263.jpg 881 3174 1656 3657 0
9556041131087.jpg 190 1684 1244 3330 0
4006313001167-01.jpg 558 421 1109 612 0
4008617030935-01.jpg 581 478 1151 711 0
4011160510113-01.jpg 520 487 1141 685 0
4011200295901-01.jpg 556 379 1108 777 0
4013307328971-01.jpg 489 436 1172 645 0
4013307328971-02.jpg 536 468 1061 621 0
4013521231439-01.jpg 661 291 1005 812 0
4013521235338-01.jpg 668 363 972 805 0
4013674000630-01.jpg 525 455 1053 733 0
4013752021007-01.jpg 766 232 1072 864 0
4014472002505-01.jpg 479 440 1133 689 0
4014472002505-02.jpg 437 435 1152 700 0
4015000010306-01.jpg 648 257 1018 877 0
4015000010320-01.jpg 649 292 988 850 0
4015000010399-01.jpg 679 356 958 915 0
4015000011303-01.jpg 714 329 949 867 0
4015000011921-01.jpg 650 279 953 910 0
4015000012263-01.jpg 640 340 920 885 0
4015000012416-01.jpg 471 366 1302 757 0
4015000012416-02.jpg 488 475 1239 816 0
4015000012829-01.jpg 555 312 969 869 0
4015000017084-01.jpg 506 368 1079 674 0
4015000017121-01.jpg 576 448 1095 718 0
4015000017121-02.jpg 659 491 1002 665 0
4015000017121-03.jpg 552 422 1084 680 0
4015000017718-01.jpg 592 304 1002 856 0
4015000018418-01.jpg 530 371 1123 659 0
4015000019088-01.jpg 548 394 1038 748 0
4015000019613-01.jpg 522 401 1080 651 0
4015000019927-01.jpg 551 335 1187 828 0
4015000090742-01.jpg 542 400 1091 610 0
4015000300773-01.jpg 614 257 960 906 0
4015000302036-01.jpg 605 265 971 877 0
4015000326964-01.jpg 317 327 1429 921 0
4015000501156-01.jpg 524 397 1123 653 0
4015000510851-01.jpg 474 368 1091 777 0
4015000523196-01.jpg 673 299 1015 897 0
4015000523196-02.jpg 635 319 1000 866 0
4015000523196-03.jpg 537 386 1139 792 0
4015000525596-01.jpg 594 433 1151 761 0
4015000529907-01.jpg 528 433 1211 733 0
4015321160001-01.jpg 477 403 1134 759 0
4015321160025-01.jpg 456 348 1128 767 0
4015400083276-01.jpg 584 425 1066 785 0
4015400141228-01.jpg 622 307 1061 870 0
4015588510441-01.jpg 544 390 1149 860 0
4015613396873-01.jpg 473 319 1228 872 0
4015878530227-01.jpg 494 415 1126 685 0
4015878995958-01.jpg 520 407 1106 784 0
4015878995958-02.jpg 586 407 1028 689 0
4015878995958-03.jpg 522 347 1166 772 0
4016348019396-01.jpg 546 448 1074 677 0
4016364008176-01.jpg 411 378 1274 892 0
4016364011725-01.jpg 411 417 1177 870 0
4016364042910-01.jpg 371 332 1224 854 0
4016565126792-01.jpg 537 422 1141 671 0
4016565521191-01.jpg 530 386 1141 708 0
4016598347003-01.jpg 551 347 1020 708 0
4016598347027-01.jpg 474 404 1067 720 0
4016598348994-01.jpg 574 424 1015 752 0
4016900081205-01.jpg 576 397 1018 618 0
4016900177489-01.jpg 527 348 1188 875 0
4016936024689-01.jpg 497 427 1143 744 0
4017026031341-01.jpg 641 198 1066 874 0
4017026031372-01.jpg 575 212 983 914 0
4017026055484-01.jpg 619 224 1087 916 0
4017026055521-01.jpg 671 309 1038 877 0
4017026057457-01.jpg 605 248 1064 960 0
4017026057464-01.jpg 644 289 1049 915 0
4017026057471-01.jpg 605 234 1028 915 0
4017026058867-01.jpg 623 301 1079 964 0
4017026058867-02.jpg 509 412 1134 818 0
4017026058898-01.jpg 488 407 1190 841 0
4017026058898-02.jpg 669 333 1066 913 0
4017100106002-01.jpg 604 368 1139 777 0
4017805064454-01.jpg 576 379 1126 628 0
4017826013004-01.jpg 524 462 1042 652 0
4018047000101-01.jpg 546 447 1139 742 0
4018047000170-01.jpg 599 478 1075 769 0
4018852004370-01.jpg 532 407 1128 805 0
4020500966411-01.jpg 610 449 1093 675 0
4020500966411-02.jpg 590 449 1050 662 0
4021472007010-01.jpg 602 445 1037 788 0
4021472052027-01.jpg 439 337 1252 787 0
4021472052027-02.jpg 402 370 1197 607 0
4021472052027-03.jpg 546 174 827 962 0
4021472054212-01.jpg 457 363 1142 840 0
4021600152100-01.jpg 553 458 1129 677 0
4022622078294-01.jpg 391 338 1170 792 0
4022622078294-02.jpg 397 368 1193 828 0
4022622078294-03.jpg 532 410 1103 721 0
4022622079802-01.jpg 581 474 1067 753 0
4022804050650-01.jpg 280 352 1389 641 0
4022927028710-01.jpg 377 400 1238 680 0
4023103110700-01.jpg 525 358 1170 803 0
4023900190387-01.jpg 578 423 1108 739 0
4023900190387-02.jpg 514 394 1144 772 0
4023900190462-01.jpg 470 348 1095 746 0
4023900260219-01.jpg 562 458 1118 632 0
4023900430018-01.jpg 542 378 1116 726 0
4023900533818-01.jpg 584 442 1102 710 0
4023900535645-01.jpg 746 339 916 842 0
4023900539063-01.jpg 651 485 1074 676 0
4026175043419-01.jpg 353 407 1251 610 0
4026396001113-01.jpg 550 463 1137 608 0
4026400204462-01.jpg 515 435 1105 838 0
4026400500137-01.jpg 519 39 1148 1046 0
4026600112000-01.jpg 610 494 1092 715 0
4026600378000-01.jpg 618 449 1145 708 0
4026600847100-01.jpg 553 338 1090 671 0
4026701001005-01.jpg 746 332 1015 913 0
4027068073070-01.jpg 439 420 1179 715 0
4027068173039-01.jpg 430 395 1163 718 0
4027131041401-01.jpg 632 343 877 977 0
4027894025618-01.jpg 379 300 1193 840 0
4028665001404-01.jpg 668 381 1080 703 0
4028665001466-01.jpg 674 432 982 651 0
4028691017011-01.jpg 558 373 1090 785 0
4029128000453-01.jpg 519 427 1120 683 0
4029128000552-01.jpg 433 396 1228 749 0
4030800430505-01.jpg 571 461 1174 728 0
4035375005011-01.jpg 759 378 958 823 0
4035701630054-01.jpg 519 388 1120 668 0
4037300039115-01.jpg 438 389 1134 711 0
4037300102437-01.jpg 477 327 1196 683 0
4037300107326-01.jpg 706 348 1008 866 0
4037300108378-01.jpg 638 281 1015 1034 0
4037300108460-01.jpg 684 260 1020 992 0
4037678222164-01.jpg 433 422 1206 684 0
4037900020407-01.jpg 589 442 1082 718 0
4037900670350-01.jpg 604 425 1073 671 0
4038437012224-01.jpg 425 324 1221 735 0
4040600989202-01.jpg 556 430 1100 694 0
4041131001098-01.jpg 612 399 1108 695 0
4041500056025-01.jpg 531 456 1082 668 0
4041500058029-01.jpg 523 389 1064 652 0
4041500061029-01.jpg 555 419 1037 712 0
4042763423814-01.jpg 502 362 1109 827 0
4042763424132-01.jpg 568 297 1025 992 0
4042763424293-01.jpg 601 254 1010 944 0
4042809020564-01.jpg 570 447 1075 667 0
4043002159594-01.jpg 533 460 1128 721 0
4043002159594-02.jpg 517 465 1136 677 0
4043002288096-01.jpg 461 466 1146 759 0
4043002339453-01.jpg 471 384 1195 628 0
4043002339781-01.jpg 512 398 1203 676 0
4043002362154-01.jpg 465 399 1123 694 0
4043002362185-01.jpg 520 443 1161 741 0
4043002380356-01.jpg 429 413 1197 659 0
4043002390966-01.jpg 542 455 1102 728 0
4043002417786-01.jpg 532 448 1141 712 0
4043002419520-01.jpg 480 365 1145 682 0
4043946776062-01.jpg 510 338 1111 808 0
4044600084806-01.jpg 553 406 1161 639 0
4045095160822-01.jpg 498 373 1092 813 0
4045317051822-02.jpg 496 314 1116 898 0
4045317053925-01.jpg 501 276 1174 838 0
4045500012005-01.jpg 580 380 1095 679 0
4045500012029-01.jpg 605 389 1029 646 0
4045500012715-01.jpg 407 325 1223 929 0
4045500052001-01.jpg 546 401 1075 661 0
4045500511850-01.jpg 384 260 1203 830 0
4045800767308-01.jpg 506 413 1129 693 0
4045800767377-01.jpg 570 482 1020 687 0
4046005168822-01.jpg 590 591 1072 730 0
4046800118954-01.jpg 646 388 1035 558 0
4046871000370-01.jpg 465 393 1186 777 0
4047584005577-01.jpg 440 293 1213 736 0
4047584005591-01.jpg 419 337 1149 669 0
4048318010614-01.jpg 453 337 1134 830 0
4049500287333-01.jpg 592 422 1103 700 0
4049500949736-01.jpg 563 483 1114 759 0
4050300002804-01.jpg 651 479 1100 697 0
4052400031050-01.jpg 553 488 1089 680 0
4052400034150-01.jpg 480 376 1156 696 0
4052400035218-01.jpg 689 280 962 915 0
4052700076980-01.jpg 517 445 1097 653 0
4053700260256-01.jpg 442 288 1185 849 0
4053800081041-01.jpg 676 307 975 893 0
4056800563081-01.jpg 591 448 1082 753 0
4056800576548-01.jpg 565 451 1093 661 0
4058700200448-01.jpg 608 423 1056 668 0
4058700520430-01.jpg 602 477 1111 710 0
4058700621052-01.jpg 628 468 972 630 0
4058700621052-02.jpg 555 438 1064 681 0
4058700621434-01.jpg 466 229 1116 923 0
4058700660068-01.jpg 689 294 1036 932 0
4058700704663-01.jpg 533 503 1157 716 0
4058700806886-01.jpg 555 420 1121 713 0
4058700807982-01.jpg 527 305 1168 780 0
4062300012769-01.jpg 460 333 1200 713 0
4062300026919-01.jpg 647 328 970 907 0
4062300026919-02.jpg 550 453 1131 771 0
4062300027916-01.jpg 745 299 1015 785 0
4062300039919-01.jpg 718 478 1043 711 0
4062300040717-01.jpg 664 478 1077 753 0
4062300043978-01.jpg 723 361 995 827 0
4062400542081-01.jpg 519 243 1095 965 0
4062800001645-01.jpg 658 360 930 923 0
4062800002604-01.jpg 474 320 1064 792 0
4063500091356-01.jpg 429 420 1169 664 0
4063500212140-01.jpg 566 491 1022 682 0
4067700011022-01.jpg 576 416 1054 637 0
4067700011022-02.jpg 532 455 1115 726 0
4068400010124-01.jpg 517 397 1105 815 0
4078500023801-01.jpg 424 355 1116 900 0
4078500098700-01.jpg 445 415 1128 751 0
4078500112406-01.jpg 558 472 1173 716 0
4078500135405-01.jpg 470 412 1154 859 0
4078500140706-01.jpg 432 283 1208 875 0
4078500206501-01.jpg 484 356 1107 828 0
4078500207300-01.jpg 460 329 1129 828 0
4078500277105-01.jpg 542 509 1000 646 0
4078500279000-01.jpg 586 484 1126 664 0
4078500290807-01.jpg 466 468 1159 739 0
4078500292108-01.jpg 483 424 1203 720 0
4078500812504-01.jpg 609 402 1049 749 0
4100310725306-01.jpg 617 424 1026 720 0
4100440007037-01.jpg 537 420 1136 872 0
4100440007129-01.jpg 438 339 1201 917 0
4100650200815-01.jpg 536 370 1082 797 0
4100650393029-01.jpg 527 319 1121 726 0
4100650500021-01.jpg 626 308 926 822 0
4101080001386-01.jpg 551 396 1111 697 0
4101820903864-01.jpg 602 424 1074 690 0
4102670550000-01.jpg 496 365 1105 854 0
4103810023606-01.jpg 647 467 1011 702 0
4103810091223-01.jpg 551 365 1079 778 0
4104090901783-01.jpg 586 368 1180 749 0
4210101339305-01.jpg 460 420 1154 779 0
4210201124191-01.jpg 530 358 1093 787 0
4210201212867-01.jpg 568 376 1095 799 0
4210201219767-01.jpg 602 392 1102 785 0
4210201359821-01.jpg 475 324 1171 868 0
4210201370208-01.jpg 525 327 1123 797 0
4210201382683-01.jpg 550 383 1108 785 0
4210201572831-01.jpg 550 383 1095 807 0
4210201794110-01.jpg 491 326 1132 825 0
4242002402703-01.jpg 350 335 1395 861 0
4242003396872-01.jpg 558 392 1128 667 0
4250084940556-01.jpg 377 425 1279 742 0
4250090807959-01.jpg 265 335 1462 818 0
4260083100684-01.jpg 537 448 1134 727 0
4260089611979-01.jpg 552 468 1051 729 0
4260089612594-01.jpg 590 393 1122 791 0
4260089612754-01.jpg 556 366 1116 802 0
4305399016004-01.jpg 753 289 948 812 0
4305399021251-01.jpg 546 406 1120 621 0
4305399024559-01.jpg 611 470 1046 715 0
4305399028854-01.jpg 596 445 1066 615 0
4305399029172-01.jpg 631 429 1098 632 0
4305399029257-01.jpg 523 422 1044 682 0
4305399033957-01.jpg 640 214 998 951 0
4305399036859-01.jpg 451 373 1110 753 0
4305399040207-01.jpg 483 330 1128 815 0
4305399041006-01.jpg 494 222 1092 958 0
4305399042300-01.jpg 580 424 1118 643 0
4305399042355-01.jpg 533 417 1154 676 0
4305399048906-01.jpg 537 460 1175 690 0
4305399052255-01.jpg 508 469 1120 724 0
4305399052507-01.jpg 564 512 1096 785 0
4305399058356-01.jpg 541 390 1112 722 0
4305399063558-01.jpg 673 237 971 928 0
4305399063558-02.jpg 576 474 1105 685 0
4305399064050-01.jpg 508 359 1129 574 0
4305399070402-01.jpg 532 239 1089 993 0
4305399070501-01.jpg 655 350 1044 843 0
4305399071201-01.jpg 614 412 1035 664 0
4305399071805-01.jpg 673 264 922 928 0
4305399072307-01.jpg 700 347 1015 833 0
4305615516011-01.jpg 574 417 1077 681 0
4306188002246-01.jpg 574 401 1103 743 0
4306188020158-01.jpg 544 393 1155 801 0
4306188024408-01.jpg 609 378 1151 795 0
4306188027683-01.jpg 617 440 1075 689 0
4306188029717-01.jpg 524 361 1116 644 0
4306188029755-01.jpg 592 384 1172 668 0
4306188029816-01.jpg 552 387 1145 656 0
4306188029823-01.jpg 447 371 1213 833 0
4306188030096-01.jpg 561 415 1103 699 0
4306188114673-01.jpg 306 373 1215 643 0
4306188220664-01.jpg 442 418 1141 723 0
4306188227380-01.jpg 295 413 1336 686 0
4306188400851-01.jpg 493 320 1140 802 0
4306516000111-01.jpg 614 440 1085 638 0
4306516000234-01.jpg 583 428 1062 640 0
4306516005796-01.jpg 560 419 1159 589 0
4306517003883-01.jpg 481 361 1092 658 0
4306517027032-01.jpg 586 392 1185 772 0
4306517037352-01.jpg 570 488 1033 673 0
4306517044473-01.jpg 545 392 1087 818 0
4388840014156-01.jpg 530 413 1097 827 0
4710723400266-01.jpg 555 325 1170 766 0
4714449063118-01.jpg 570 451 993 776 0
4714449096116-01.jpg 526 406 1082 748 0
4893913599183-01.jpg 539 381 1128 755 0
4893913860603-01.jpg 510 381 1123 843 0
4893913999600-01.jpg 450 432 1113 849 0
4902030145637-01.jpg 557 361 1114 784 0
4902030187651-01.jpg 476 399 1183 812 0
4902030194109-01.jpg 500 384 1141 782 0
4902030194376-01.jpg 460 406 1146 856 0
4902950111873-02.jpg 633 308 1054 824 0
4905524311440-01.jpg 484 363 1193 609 0
4905524449563-01.jpg 450 479 1166 731 0
4967825561023-01.jpg 509 322 1134 692 0
5000112547412-01.jpg 510 433 1077 779 0
5000112547689-01.jpg 514 368 1166 870 0
5000174371529-01.jpg 555 447 1057 665 0
5000174473728-01.jpg 525 337 1164 646 0
5010241993059-01.jpg 276 189 1298 992 0
5010677024204-01.jpg 677 362 1026 822 0
5010677714006-01.jpg 542 369 1064 663 0
5011417537930-01.jpg 494 422 1038 718 0
5025232413997-01.jpg 291 279 1328 700 0
5025232414109-01.jpg 584 473 1107 685 0
5029053009834-01.jpg 569 363 1108 764 0
5029053016832-01.jpg 693 320 930 903 0
5029053016856-01.jpg 689 221 946 944 0
5029053018508-01.jpg 566 361 1149 811 0
5029053021256-01.jpg 523 335 1190 853 0
5029053522289-01.jpg 503 315 1162 818 0
5035048010556-01.jpg 489 362 1079 816 0
5410316296564-01.jpg 586 384 1072 761 0
5410488025207-01.jpg 514 260 1207 814 0
5410673052001-01.jpg 548 365 1069 723 0
5410673052018-01.jpg 512 353 1182 766 0
5410683018059-01.jpg 515 468 1067 763 0
5411183072916-01.jpg 504 422 1167 766 0
5411188091417-01.jpg 523 427 1119 772 0
5411188101062-01.jpg 531 343 1161 637 0
5411188523307-01.jpg 550 428 1118 733 0
5412253705840-01.jpg 763 330 895 785 0
5412253800941-01.jpg 509 428 1172 672 0
5412253842095-01.jpg 451 445 1197 702 0
5412253972778-01.jpg 337 442 1290 707 0
5413149006690-01.jpg 589 397 1097 771 0
5413149200265-01.jpg 492 317 1108 735 0
5413149278950-01.jpg 591 350 1108 717 0
5414522822562-01.jpg 491 445 1102 697 0
5449000017932-01.jpg 610 296 1075 872 0
5601142900002-01.jpg 581 425 1082 793 0
5702014498815-01.jpg 530 309 1192 772 0
5702014498815-02.jpg 478 351 1161 756 0
5702014499102-01.jpg 579 345 1000 869 0
5702070054758-01.jpg 659 447 1083 648 0
5705691101030-01.jpg 363 327 1210 774 0
5705691102051-01.jpg 411 343 1231 841 0
5760466118798-01.jpg 530 387 1125 810 0
5762385084932-01.jpg 642 217 987 904 0
5906340131044-01.jpg 574 447 1071 696 0
5906340131044-02.jpg 565 468 1047 713 0
7290002166832-01.jpg 590 357 1139 788 0
7290003044481-01.jpg 378 364 1212 675 0
7300400113465-01.jpg 517 324 1185 856 0
7310791192185-01.jpg 394 304 1306 807 0
7311518034399-01.jpg 540 412 1054 787 0
7318305696006-01.jpg 591 427 1060 793 0
7318305786042-01.jpg 418 410 1188 716 0
7318307603002-01.jpg 508 448 1182 725 0
7322540245554-01.jpg 560 245 1143 910 0
7322540290936-01.jpg 551 373 1111 787 0
7322540290967-01.jpg 613 429 1092 766 0
7392254483498-01.jpg 595 419 1162 763 0
7610928012073-01.jpg 579 421 1090 639 0
7610995098703-01.jpg 560 404 1105 777 0
7610995799396-01.jpg 489 440 1108 859 0
7613030712213-01.jpg 550 407 1113 705 0
7613030721123-01.jpg 488 401 1159 749 0
7613030780564-01.jpg 537 476 1097 751 0
7613030780618-01.jpg 691 350 953 872 0
7613031294152-01.jpg 509 404 1121 825 0
7613076371498-01.jpg 418 431 1154 772 0
7613076575094-01.jpg 526 317 1107 737 0
7614700026180-01.jpg 461 383 1157 697 0
7615400735518-01.jpg 616 387 1079 731 0
7615400735518-02.jpg 679 355 992 759 0
7622400421730-01.jpg 559 462 1117 663 0
7622400734922-01.jpg 619 451 1163 691 0
7622400950179-01.jpg 619 461 1093 698 0
7891285150343-01.jpg 473 461 1125 599 0
7891285356646-01.jpg 406 387 1205 654 0
8000400061115-01.jpg 471 311 1131 836 0
8000700000005-01.jpg 553 354 1119 793 0
8000850210422-01.jpg 519 351 1102 800 0
8002266000017-01.jpg 614 427 1085 735 0
8006550301040-01.jpg 581 394 1061 679 0
8008177003765-01.jpg 507 340 1100 766 0
8016419007006-01.jpg 632 348 1010 900 0
8020119056035-01.jpg 697 286 928 861 0
8021425074508-01.jpg 588 419 1066 611 0
8022628330033-01.jpg 388 319 1264 795 0
8022628330095-01.jpg 540 363 1205 739 0
8022840298241-01.jpg 414 311 1305 1015 0
8024559000740-01.jpg 528 407 1118 649 0
8024559002362-01.jpg 588 446 1093 638 0
8024559002379-01.jpg 494 428 1144 672 0
8027788361347-01.jpg 574 428 1129 663 0
8076802085837-01.jpg 470 392 1149 764 0
8076809513654-01.jpg 646 293 915 885 0
8076809513722-01.jpg 628 342 936 815 0
8076809521543-01.jpg 714 294 1020 869 0
8076809523738-01.jpg 507 381 1148 743 0
8076809529433-01.jpg 449 436 1188 766 0
8076809529457-01.jpg 468 386 1211 807 0
8076809534116-01.jpg 622 294 899 861 0
8410060282001-01.jpg 612 413 1089 664 0
8410104002954-01.jpg 649 279 1029 721 0
8410773001845-01.jpg 575 427 1100 715 0
8411030051085-01.jpg 610 480 1083 718 0
8710103309819-01.jpg 422 379 1215 693 0
8710456004119-01.jpg 570 483 1127 699 0
8710581499026-01.jpg 465 389 1151 759 0
8710609016310-01.jpg 664 245 1031 797 0
8710619230072-01.jpg 455 299 1156 844 0
8711482028209-01.jpg 567 479 1116 693 0
8711500050199-01.jpg 587 513 1133 666 0
8711500430168-01.jpg 550 397 1092 789 0
8711500600400-01.jpg 596 345 1128 751 0
8711500818195-01.jpg 601 386 1128 787 0
8711500818225-01.jpg 519 287 1184 729 0
8714789078687-01.jpg 504 358 1080 774 0
8714789154558-01.jpg 510 396 1082 659 0
8715169001509-01.jpg 653 341 976 841 0
8715169005026-01.jpg 551 422 1010 689 0
8715169005293-01.jpg 634 412 1088 677 0
8715186810214-01.jpg 450 379 1123 715 0
8715186814014-01.jpg 494 451 1136 725 0
8715186830311-01.jpg 479 406 1202 682 0
8715186853815-01.jpg 630 454 1098 619 0
8715186854218-01.jpg 543 419 1133 718 0
8715700017006-01.jpg 527 384 1128 721 0
8715700407418-01.jpg 567 411 1114 677 0
8717163559802-01.jpg 659 298 989 858 0
8717163581407-01.jpg 481 368 1150 700 0
8717644148228-01.jpg 497 338 1075 716 0
8717644390269-01.jpg 476 399 1185 790 0
8722700046790-01.jpg 684 324 982 818 0
8722700060222-01.jpg 669 405 1080 909 0
8722700060222-02.jpg 520 394 1126 808 0
9001466304337-01.jpg 581 433 1123 766 0
9001466304337-02.jpg 626 442 1139 750 0
9002490203597-01.jpg 576 410 1079 797 0
9002740218234-01.jpg 677 528 978 716 0
9002759250065-01.jpg 517 427 1116 537 0
9002759718800-01.jpg 501 350 1206 729 0
9002759812614-01.jpg 375 440 1261 720 0
9002759840358-01.jpg 510 378 1139 816 0
9002827249014-01.jpg 150 319 1344 830 0
9005437750031-01.jpg 496 453 1102 797 0
9006505123047-01.jpg 658 422 1085 663 0
9006900011529-01.jpg 569 417 1062 713 0
9006936019568-01.jpg 372 415 1253 703 0
9007084023254-01.jpg 408 287 1243 811 0
9008420501238-01.jpg 467 431 1181 655 0
9011500025043-01.jpg 515 352 1157 748 0
9088882448203-01.jpg 549 395 1114 761 0
9310006006649-01.jpg 610 425 1071 640 0
9322214006229-01.jpg 502 306 1049 733 0
7321925005431.jpg 350 425 1227 729 0
8000050448700.jpg 744 612 2498 1436 0
4005808801046.jpg 657 644 2094 1295 0
3434730707835.jpg 853 721 2264 1484 0
8002580010945.jpg 833 445 2228 1513 0
8005495341005.jpg 522 295 2395 1581 0
8005283001951.jpg 907 593 2110 1266 0
8002330002534.jpg 744 230 2610 1645 0
4005401285991.jpg 853 990 2106 1504 0
8004020931773.jpg 811 676 1872 1302 0
8002205319804.jpg 695 506 2151 1481 0
3434730707835_1.jpg 782 468 2171 1520 0
4009300505341.jpg 644 471 2180 1530 0
8001916002326.jpg 731 442 2215 1330 0
8411135441019.jpg 837 878 2244 1552 0
5012254112595.jpg 506 737 1965 1677 0
8005350441406.jpg 699 859 2046 1539 0
4005401285991_1.jpg 626 698 2158 1686 0
8000121310370.jpg 179 692 1744 1587 0
8005283001685.jpg 840 670 2145 1378 0
4005808801046_1.jpg 974 176 2389 727 0
4009300505341_1.jpg 843 561 2209 1513 0
3178530412871.jpg 843 2691 1530 3724 0
3245412051661.jpg 535 1910 796 2302 0
3259011046300.jpg 726 1096 1142 1335 0
4779039730306.jpg 168 3299 1247 3954 0
4809010272027.jpg 542 3344 1914 3934 0
7610029201420.jpg 366 526 473 697 0
8886467105357.jpg 1301 1691 1864 2895 0